.Random.seed <-
c(10403L, 10L, 1773388576L, 1707547875L, -1075029631L, -742535184L, 
-1194742130L, -234671623L, 1455864715L, -1125345350L, 1871902396L, 
1077898751L, -505377963L, 1713216620L, -9512766L, -1027716323L, 
-26558057L, 1814075646L, 818023096L, -1352584037L, -428543239L, 
-1012353976L, 1050826614L, -337440079L, -179576093L, -466419278L, 
-1333194236L, -2026493625L, -1708739555L, -615855468L, -423009734L, 
-1771410299L, 2112598367L, -1030528538L, 1332793456L, -543173741L, 
-476924879L, 72096480L, 2020547454L, -70004215L, 34355771L, -1887067126L, 
-1340875796L, -736989073L, 424103845L, -1173498020L, -661062862L, 
31515181L, -1798835993L, 1764147726L, -1040228376L, 1274118635L, 
41661065L, 1276070424L, -2137693882L, -1317662815L, 993247795L, 
234749858L, -172688748L, 902074647L, 456896269L, 1485874724L, 
116674058L, -749889675L, 502432463L, 80467414L, -1058227840L, 
8827331L, -1760606367L, 1133010384L, 1172368686L, 396770521L, 
-1651280149L, -2062830758L, -2069355236L, -37800929L, -1628571531L, 
-1329085172L, 856762594L, -1209425475L, 942482999L, 760446174L, 
1001965592L, -553248901L, -1988282599L, -783864920L, 2042788694L, 
1872724945L, -431724669L, -1297026542L, -569457244L, -1442143897L, 
-37704003L, -531761612L, 1582845338L, 1132132837L, 2024932735L, 
-224547578L, 943511184L, -749838541L, 207183057L, -200481152L, 
1343639390L, 2034592937L, -1891467429L, -711805590L, -1068132340L, 
-515428273L, 399689989L, -380689988L, 1120986258L, 243974029L, 
1581385671L, -378266450L, -1944990456L, 1443457803L, 1906410985L, 
853635768L, 1525126502L, -315363839L, 1197553811L, -317725886L, 
1991785716L, 2117748983L, -58965779L, -24435836L, 1906916778L, 
992232213L, 1915593135L, -509402698L, 1586984928L, 2041558819L, 
1799030849L, 342278960L, 525863246L, -2002134087L, 1945578955L, 
1392033402L, 1012036476L, 814619583L, -333642603L, -1970246996L, 
-425736062L, 100395101L, 1093074775L, 1224065598L, -1586977160L, 
-1972566693L, -277314375L, 1709485320L, 483831734L, -1706797839L, 
-1926647005L, -793344654L, -1677090876L, -1568846969L, 873576797L, 
-1622747308L, -715190918L, 945838277L, -210269665L, -547095130L, 
556199728L, -963631661L, 1779594225L, -651819744L, -19803202L, 
1904991177L, -91456645L, 1837869386L, -13376084L, -2109460305L, 
-386012571L, 1318777372L, 1472007282L, -795979027L, -2080768217L, 
-1843692722L, -1198853208L, 315209643L, -920329015L, 702043352L, 
105269638L, -2094112671L, -59117069L, -1592197022L, -401189164L, 
-869093417L, 1538760141L, 314472804L, -921383606L, 546786485L, 
-1096180721L, -1230555882L, 577892288L, 1311337347L, -581654111L, 
-2078468720L, -925776274L, -1354162151L, 357620907L, 380780698L, 
-1880039332L, 747187551L, -1185306827L, 999611084L, -1596827614L, 
999223933L, 477599607L, 398174366L, -655444136L, 763658939L, 
1730743385L, -943196184L, 499302934L, -1374517871L, 1010105923L, 
1873816914L, 2091028964L, 921735207L, 1820433533L, 649945460L, 
129838426L, -977859675L, 548805567L, 1079085126L, 1193150160L, 
-625307405L, 842008081L, 1207625404L, -774396464L, -515822238L, 
1577869288L, -411480116L, 375208700L, 387956210L, 594769024L, 
1707385076L, -1493474680L, -575077574L, -686043312L, -2046012820L, 
605493396L, -286379694L, -564402464L, 1262481100L, 624185504L, 
-1130141822L, 471135976L, 2132049644L, 981303356L, -687747470L, 
1526840432L, -322072028L, 1128439864L, -14583782L, 451135184L, 
-897971140L, 422163604L, 711481474L, 717533120L, 1855195452L, 
436321936L, -2006783966L, -1652746232L, 907484300L, 1420608540L, 
438264466L, 1294631040L, -870562796L, 243298600L, 1983527482L, 
1057629392L, -1720755092L, -691626316L, -1663543278L, -171061280L, 
-2066424884L, -1890871840L, 1027275298L, -1784339160L, -1490117364L, 
836531772L, 1877330162L, -867817744L, -1205743804L, -2033482152L, 
672115258L, -340070672L, 978385084L, 698788372L, 1155214530L, 
-1350079392L, -1095508612L, -166811440L, -344155102L, -1129638232L, 
222784396L, -1204714052L, -956255182L, 269619008L, -1866799948L, 
1815420744L, -790035782L, 1548168976L, 377566444L, 788544596L, 
637427474L, -1393021024L, 181744588L, 549374816L, -722688830L, 
1841241640L, 1677876652L, -851125444L, -169187470L, 854310704L, 
-735377884L, 1034492984L, -2115405606L, 1519365520L, 2092374780L, 
-1576180844L, 1696370498L, 127129088L, 1570250300L, 1100448336L, 
1264234146L, 787458888L, 1291653644L, -641386276L, -442221998L, 
1551218816L, -1180818604L, 1682963944L, 1743707898L, 1964096336L, 
310840364L, -1569257100L, 854484626L, 405597792L, -1851750772L, 
-598542496L, 1849029346L, -519036760L, 1200176332L, 769532412L, 
1681864626L, 472947184L, 584717764L, -791637160L, -1756790918L, 
720766384L, 655781308L, -1669936044L, 1899225026L, 854087456L, 
825652156L, -182309296L, 56076770L, -910441112L, 1891075404L, 
156261628L, 1130492658L, -1162892544L, 922025588L, -1609106424L, 
-126629446L, 1506569168L, -488323604L, -11202668L, 1418763986L, 
-1770411424L, -41298612L, 1442009376L, -1167231358L, -822680088L, 
1789209580L, 1071606332L, -1017411982L, 449117040L, -121636572L, 
1801206328L, 1706293658L, 447782352L, -266359364L, -1663556460L, 
-554565502L, 1090368960L, 1265039164L, 1896827024L, 1231788834L, 
40604168L, -2102279924L, -468227684L, -1547834862L, -1224745088L, 
-448998636L, 31631656L, -1240141766L, -422726704L, 1301841516L, 
733463092L, -1140554094L, 1573809504L, -815759028L, -357133344L, 
-1161371230L, -1149296216L, 138215052L, 280806844L, -653294990L, 
1328069616L, -1046992316L, 1791430744L, 1024148538L, -34218896L, 
-125074372L, -450810604L, -129617214L, 1194583776L, 991947900L, 
-1608232240L, -39624286L, 1585706024L, -633784564L, 1550636476L, 
219318066L, -388370752L, -25077708L, -481005880L, -525379398L, 
-137395568L, -1622079764L, -2074664364L, 1157250706L, -901401312L, 
-1252590132L, -159576352L, 1894628546L, 685444136L, 2096268204L, 
2142185148L, 46282738L, -885595600L, 2079652772L, -2111801928L, 
1800443738L, -1800914800L, 1924818812L, 1132459284L, 534704450L, 
-1666630400L, 805880252L, 1333267792L, 495073570L, -522754892L, 
-1948152382L, 1563467223L, 962159137L, 794776038L, 1181165796L, 
-1919633387L, 378996799L, -1010792488L, -1640240650L, 1081256451L, 
-2056700603L, 292489570L, 388096720L, 806968825L, -590211797L, 
-1349265764L, 628389066L, 2081119679L, 1802223881L, -1198792162L, 
1644670924L, 1883172253L, 590047271L, 246306384L, 2112226030L, 
249072539L, 1444870653L, 1365204202L, 705681288L, -125755087L, 
783409571L, -1563331164L, 351406162L, 1096379303L, -661966863L, 
-1847272650L, 1064863700L, -417022619L, 97980783L, 812714920L, 
1854497030L, -2106539981L, 1504933525L, 1035898610L, -443277504L, 
1313840297L, -298843877L, 1096816364L, -602027270L, -634768593L, 
-465659079L, 508116302L, 1555676060L, -1518620403L, -313519241L, 
875480960L, -177678882L, -1987401045L, -2147334739L, -307643878L, 
1512996056L, -1818508991L, -712271373L, 1037529108L, -171756126L, 
677638839L, -988128127L, -1448432506L, -677525308L, 610870773L, 
1604071519L, 613305016L, 163443606L, 1718305187L, 137094501L, 
-464350078L, 1643568624L, -1707414631L, -585863797L, -1469732740L, 
950024874L, 423425247L, 2020033129L, -365379458L, -2118018964L, 
1653809341L, 590647687L, 518849904L, 847659022L, 875584827L, 
120095261L, -1905813814L, -1238941208L, -1746020655L, 383181507L, 
-2008249916L, 553148018L, -2102321337L, 553508625L, -50523498L, 
-454354956L, 958677381L, 932658383L, 1241277896L, 723770470L, 
-2042660205L, 1435034101L, -1266463790L, -1083764704L, -1687725559L, 
537764667L, 2019272332L, -32036070L, -308216433L, -1278135591L, 
-1166209682L, 530231548L, -1334666643L, 601957911L, -1169243168L, 
-224120898L, 263798155L, 1076022797L, -664640966L, -1165981064L, 
-1832320479L, 33709267L, -238605324L, -1817944958L, -1173388009L, 
-585206815L, -1069673178L, 580236324L, -1722863915L, -588658049L, 
-1254962408L, -1714925002L, 890492099L, 1334274309L, 401039522L, 
-1780537712L, -266067399L, -1643029781L, 1682688988L, 1317293578L, 
155635967L, -770243255L, -901277986L, 1859181708L, 1994329181L, 
